Reference Data
9431.7903, 9023.8040, 9212.3063, 9398.5123, 9726.3220, 8833.9427, 8268.6250, 8454.4990, 8293.7063, 8371.8073, 8445.3523, 8230.5557, 8443.8283, 8264.4263, 8422.3000, 8208.7903, 8277.1530, 8387.0910, 8266.5383, 8496.4630, 8870.3157, 8684.6570, 8633.5090, 8706.3943, 9016.7387
Path: 0
9426.5297, 9015.2423, 9202.5800, 9379.9687, 9702.1553, 8829.8907, 8262.0260, 8447.0820, 8280.7953, 8354.9797, 8441.2633, 8225.5520, 8438.3433, 8256.1460, 8412.6417, 8205.4270, 8272.8410, 8383.3483, 8261.0323, 8490.7940, 8867.0783, 8680.2827, 8629.5863, 8700.8867, 9011.0470
Path: 1
9424.3003, 9011.7623, 9196.2897, 9372.7093, 9705.7717, 8828.5967, 8259.7080, 8443.0033, 8276.3373, 8357.3070, 8440.5697, 8224.2990, 8436.1913, 8254.0640, 8413.9317, 8204.6210, 8272.2440, 8382.2953, 8259.7460, 8491.3100, 8866.2347, 8679.2340, 8628.1540, 8699.2573, 9010.4633
Path: 2
9423.9350, 9008.5697, 9191.1700, 9375.5187, 9712.9070, 8828.1953, 8257.4483, 8440.6723, 8279.1600, 8362.5850, 8441.6423, 8223.5567, 8435.8103, 8255.6960, 8416.9053, 8206.3880, 8272.7820, 8382.7877, 8261.7657, 8493.0797, 8866.5820, 8678.5060, 8627.9983, 8700.3873, 9012.2943
Path: 3
9419.5400, 9000.3983, 9192.6787, 9379.8753, 9717.0030, 8825.1663, 8253.2787, 8441.7593, 8281.7390, 8364.9087, 8439.8317, 8221.0983, 8436.5867, 8257.0750, 8418.5320, 8206.3400, 8271.9580, 8383.3527, 8262.1823, 8494.5587, 8866.1260, 8676.9983, 8627.9670, 8699.8483, 9012.2847
Path: 4
9410.8223, 8996.5583, 9195.4337, 9383.2247, 9719.0363, 8820.5903, 8251.6853, 8443.7270, 8283.6370, 8366.7833, 8437.4690, 8220.3703, 8437.5340, 8258.2373, 8419.8020, 8205.2377, 8271.5160, 8383.5647, 8262.4930, 8495.3397, 8863.9093, 8674.9917, 8627.2060, 8699.7560, 9012.5817
Path: 5
9414.0590, 9004.4557, 9200.6943, 9388.0453, 9720.2770, 8816.3390, 8250.0420, 8443.3157, 8284.0043, 8366.2787, 8431.8090, 8216.4643, 8435.5097, 8256.9230, 8418.1920, 8202.0187, 8269.2723, 8382.6600, 8261.8973, 8494.2623, 8860.7500, 8672.8027, 8625.9833, 8698.7610, 9011.6010
Path: 6
9421.4893, 9006.9497, 9198.8697, 9386.8153, 9719.6730, 8822.8763, 8250.5967, 8440.5583, 8282.5843, 8365.0277, 8436.2313, 8216.7913, 8433.0867, 8255.1853, 8416.7580, 8203.6500, 8269.9570, 8381.6867, 8261.0227, 8493.5297, 8864.4990, 8675.3343, 8626.0497, 8699.1553, 9011.2323
Path: 7
9427.5483, 9015.0400, 9200.3393, 9386.1890, 9719.4893, 8828.5223, 8257.4540, 8440.1040, 8280.5350, 8363.6727, 8441.0863, 8221.7980, 8433.0400, 8253.9680, 8416.6797, 8206.9773, 8273.1867, 8382.3693, 8261.4263, 8493.7760, 8867.9397, 8679.4263, 8628.3087, 8700.6450, 9012.6470
Path: 8
9431.2380, 9020.1930, 9206.3437, 9387.5687, 9718.6213, 8832.5697, 8263.9173, 8446.1307, 8280.0460, 8361.3667, 8444.5850, 8227.0287, 8437.5610, 8254.4943, 8415.3577, 8209.2100, 8276.4790, 8385.3977, 8262.6070, 8494.5273, 8870.8847, 8683.7330, 8632.0610, 8703.0447, 9014.1037
Path: 9
9432.0530, 9021.3037, 9209.9133, 9390.8867, 9715.7450, 8834.1783, 8266.2887, 8450.9537, 8284.0343, 8356.9760, 8445.2007, 8229.3047, 8441.2380, 8257.2627, 8412.1083, 8209.1207, 8277.4923, 8387.4410, 8264.1260, 8492.9433, 8872.0050, 8685.6013, 8633.7357, 8704.6947, 9013.7820
Path: 10
9431.7577, 9022.4773, 9211.0307, 9394.7110, 9721.4067, 8833.8763, 8266.3900, 8452.0070, 8287.3057, 8362.1163, 8443.9753, 8227.4340, 8439.4337, 8254.1650, 8407.6203, 8207.7267, 8275.7910, 8384.9563, 8260.0193, 8487.7333, 8870.4190, 8683.4470, 8631.6420, 8701.9983, 9010.3510
Path: 11
9431.0187, 9020.7853, 9208.5897, 9392.7403, 9721.9943, 8832.0817, 8264.2203, 8448.2357, 8284.2487, 8364.3763, 8441.8627, 8224.2183, 8434.1320, 8250.4343, 8411.8390, 8207.1050, 8273.1080, 8381.2763, 8257.7907, 8489.8630, 8868.4797, 8680.6380, 8628.7690, 8699.6123, 9010.8457
Path: 12
9428.1733, 9017.0973, 9205.3367, 9391.5623, 9721.9097, 8829.2017, 8259.3790, 8444.0277, 8284.0207, 8365.4537, 8438.9503, 8218.5987, 8429.3653, 8252.3550, 8414.9720, 8204.5710, 8269.1447, 8377.9867, 8257.9293, 8491.5837, 8865.6247, 8676.0737, 8624.8933, 8697.8800, 9010.5190
Path: 13
9425.5413, 9013.9070, 9205.2093, 9392.9480, 9723.5900, 8825.9147, 8256.3037, 8445.8603, 8287.1727, 8367.8373, 8434.8593, 8214.5163, 8432.2103, 8256.2333, 8417.7357, 8201.5863, 8266.9040, 8380.0803, 8261.5270, 8493.5120, 8862.0697, 8672.6263, 8624.5990, 8698.7897, 9011.3843
Path: 14
9421.1997, 9013.4720, 9206.5543, 9393.7057, 9724.2757, 8821.7960, 8256.5873, 8448.2477, 8288.8937, 8369.0007, 8429.3903, 8216.3620, 8436.3733, 8258.8267, 8419.6213, 8199.4673, 8268.5293, 8382.8053, 8263.1300, 8495.2107, 8856.9867, 8670.8953, 8625.4650, 8699.3717, 9012.6317
Path: 15
9426.8183, 9018.8050, 9211.2417, 9398.2743, 9727.8607, 8828.2197, 8262.8177, 8453.1263, 8293.1350, 8372.3010, 8434.9227, 8221.3570, 8441.0150, 8262.7073, 8422.7430, 8196.8677, 8266.6857, 8383.5583, 8264.5447, 8496.6677, 8850.4627, 8666.6153, 8624.8037, 8699.8207, 9013.1897
Path: 16
9429.2053, 9019.4867, 9209.8473, 9396.8417, 9726.2083, 8830.2173, 8262.8240, 8450.9757, 8291.2083, 8370.6177, 8438.3760, 8219.9097, 8436.9417, 8259.9567, 8420.5067, 8200.3347, 8264.5797, 8378.7970, 8261.1730, 8494.0080, 8858.9550, 8668.4407, 8622.1293, 8697.8687, 9011.4633
Path: 17
9432.5630, 9022.0497, 9210.9713, 9397.6640, 9727.5240, 8834.3927, 8265.6120, 8451.6713, 8291.4033, 8371.3473, 8443.2613, 8224.3037, 8436.2587, 8258.2177, 8419.8753, 8205.8733, 8269.3487, 8377.0063, 8258.7597, 8492.8973, 8866.3607, 8675.7407, 8622.9550, 8697.4357, 9011.8070
Path: 18
9432.8580, 9024.0030, 9211.0147, 9396.4010, 9725.7083, 8834.1097, 8267.0333, 8452.3063, 8289.9497, 8369.0107, 8444.2063, 8226.5283, 8437.0750, 8254.8643, 8415.6863, 8207.6030, 8272.4440, 8379.3143, 8254.7057, 8488.1230, 8867.9993, 8678.9020, 8625.5083, 8695.1330, 9008.7117
Path: 19
9432.1517, 9023.4940, 9211.2340, 9395.8107, 9723.6370, 8833.8833, 8267.4020, 8452.5553, 8290.0353, 8366.4403, 8443.5723, 8227.2197, 8439.3833, 8255.7110, 8411.1993, 8207.2457, 8273.6270, 8382.0933, 8256.0923, 8481.8920, 8868.4820, 8680.7313, 8628.6633, 8697.2313, 9004.8933
Path: 20
9433.6617, 9025.2553, 9212.7357, 9398.0897, 9725.8350, 8834.7857, 8269.3820, 8454.7250, 8293.3073, 8369.5990, 8445.6470, 8229.6570, 8442.7623, 8261.1347, 8417.2750, 8208.8867, 8275.5200, 8384.4123, 8259.1210, 8485.8767, 8868.4867, 8680.6077, 8627.6423, 8693.5830, 8999.4530
Path: 21
9434.2660, 9025.1553, 9213.0313, 9398.8030, 9727.4453, 8835.4697, 8269.0340, 8454.9340, 8292.8183, 8371.4723, 8445.7983, 8229.1420, 8441.9617, 8260.7233, 8419.6997, 8208.5297, 8274.1700, 8382.2643, 8257.7820, 8490.7683, 8867.1737, 8677.5010, 8622.5690, 8689.7663, 9005.3067
Path: 22
9433.1383, 9022.9960, 9212.6120, 9398.9643, 9728.3250, 8835.5413, 8267.8433, 8454.4617, 8293.7757, 8372.7327, 8445.3053, 8228.1593, 8441.3263, 8262.3727, 8422.4100, 8206.4893, 8271.0710, 8380.1290, 8260.8270, 8494.3100, 8863.8030, 8671.4333, 8617.3693, 8693.8260, 9009.7460
Path: 23
9433.2343, 9024.2047, 9213.9943, 9400.4000, 9730.2647, 8834.2983, 8267.4523, 8455.6127, 8295.3190, 8374.5133, 8443.8373, 8226.2673, 8443.2970, 8264.7653, 8424.9343, 8204.4087, 8268.6677, 8383.3570, 8264.8547, 8497.4203, 8856.6753, 8663.5757, 8621.0147, 8698.3473, 9013.3123
Path: 24
9430.0050, 9022.7647, 9213.8093, 9400.1550, 9729.7747, 8831.9687, 8266.7213, 8455.9243, 8295.2443, 8374.4900, 8440.8573, 8227.1377, 8444.4900, 8265.9207, 8425.2903, 8200.0057, 8270.1310, 8386.6177, 8266.3863, 8498.4293, 8843.4337, 8662.6987, 8624.0007, 8699.1467, 9013.5860
