--- Difference for Path: 0 ---
-5.2607, -8.5617, -9.7263, -18.5437, -24.1667, -4.0520, -6.5990, -7.4170, -12.9110, -16.8277, -4.0890, -5.0037, -5.4850, -8.2803, -9.6583, -3.3633, -4.3120, -3.7427, -5.5060, -5.6690, -3.2373, -4.3743, -3.9227, -5.5077, -5.6917
--- Difference for Path: 1 ---
-7.4900, -12.0417, -16.0167, -25.8030, -20.5503, -5.3460, -8.9170, -11.4957, -17.3690, -14.5003, -4.7827, -6.2567, -7.6370, -10.3623, -8.3683, -4.1693, -4.9090, -4.7957, -6.7923, -5.1530, -4.0810, -5.4230, -5.3550, -7.1370, -6.2753
--- Difference for Path: 2 ---
-7.8553, -15.2343, -21.1363, -22.9937, -13.4150, -5.7473, -11.1767, -13.8267, -14.5463, -9.2223, -3.7100, -6.9990, -8.0180, -8.7303, -5.3947, -2.4023, -4.3710, -4.3033, -4.7727, -3.3833, -3.7337, -6.1510, -5.5107, -6.0070, -4.4443
--- Difference for Path: 3 ---
-12.2503, -23.4057, -19.6277, -18.6370, -9.3190, -8.7763, -15.3463, -12.7397, -11.9673, -6.8987, -5.5207, -9.4573, -7.2417, -7.3513, -3.7680, -2.4503, -5.1950, -3.7383, -4.3560, -1.9043, -4.1897, -7.6587, -5.5420, -6.5460, -4.4540
--- Difference for Path: 4 ---
-20.9680, -27.2457, -16.8727, -15.2877, -7.2857, -13.3523, -16.9397, -10.7720, -10.0693, -5.0240, -7.8833, -10.1853, -6.2943, -6.1890, -2.4980, -3.5527, -5.6370, -3.5263, -4.0453, -1.1233, -6.4063, -9.6653, -6.3030, -6.6383, -4.1570
--- Difference for Path: 5 ---
-17.7313, -19.3483, -11.6120, -10.4670, -6.0450, -17.6037, -18.5830, -11.1833, -9.7020, -5.5287, -13.5433, -14.0913, -8.3187, -7.5033, -4.1080, -6.7717, -7.8807, -4.4310, -4.6410, -2.2007, -9.5657, -11.8543, -7.5257, -7.6333, -5.1377
--- Difference for Path: 6 ---
-10.3010, -16.8543, -13.4367, -11.6970, -6.6490, -11.0663, -18.0283, -13.9407, -11.1220, -6.7797, -9.1210, -13.7643, -10.7417, -9.2410, -5.5420, -5.1403, -7.1960, -5.4043, -5.5157, -2.9333, -5.8167, -9.3227, -7.4593, -7.2390, -5.5063
--- Difference for Path: 7 ---
-4.2420, -8.7640, -11.9670, -12.3233, -6.8327, -5.4203, -11.1710, -14.3950, -13.1713, -8.1347, -4.2660, -8.7577, -10.7883, -10.4583, -5.6203, -1.8130, -3.9663, -4.7217, -5.1120, -2.6870, -2.3760, -5.2307, -5.2003, -5.7493, -4.0917
--- Difference for Path: 8 ---
-0.5523, -3.6110, -5.9627, -10.9437, -7.7007, -1.3730, -4.7077, -8.3683, -13.6603, -10.4407, -0.7673, -3.5270, -6.2673, -9.9320, -6.9423, 0.4197, -0.6740, -1.6933, -3.9313, -1.9357, 0.5690, -0.9240, -1.4480, -3.3497, -2.6350
--- Difference for Path: 9 ---
0.2627, -2.5003, -2.3930, -7.6257, -10.5770, 0.2357, -2.3363, -3.5453, -9.6720, -14.8313, -0.1517, -1.2510, -2.5903, -7.1637, -10.1917, 0.3303, 0.3393, 0.3500, -2.4123, -3.5197, 1.6893, 0.9443, 0.2267, -1.6997, -2.9567
--- Difference for Path: 10 ---
-0.0327, -1.3267, -1.2757, -3.8013, -4.9153, -0.0663, -2.2350, -2.4920, -6.4007, -9.6910, -1.3770, -3.1217, -4.3947, -10.2613, -14.6797, -1.0637, -1.3620, -2.1347, -6.5190, -8.7297, 0.1033, -1.2100, -1.8670, -4.3960, -6.3877
--- Difference for Path: 11 ---
-0.7717, -3.0187, -3.7167, -5.7720, -4.3277, -1.8610, -4.4047, -6.2633, -9.4577, -7.4310, -3.4897, -6.3373, -9.6963, -13.9920, -10.4610, -1.6853, -4.0450, -5.8147, -8.7477, -6.6000, -1.8360, -4.0190, -4.7400, -6.7820, -5.8930
--- Difference for Path: 12 ---
-3.6170, -6.7067, -6.9697, -6.9500, -4.4123, -4.7410, -9.2460, -10.4713, -9.6857, -6.3537, -6.4020, -11.9570, -14.4630, -12.0713, -7.3280, -4.2193, -8.0083, -9.1043, -8.6090, -4.8793, -4.6910, -8.5833, -8.6157, -8.5143, -6.2197
--- Difference for Path: 13 ---
-6.2490, -9.8970, -7.0970, -5.5643, -2.7320, -8.0280, -12.3213, -8.6387, -6.5337, -3.9700, -10.4930, -16.0393, -11.6180, -8.1930, -4.5643, -7.2040, -10.2490, -7.0107, -5.0113, -2.9510, -8.2460, -12.0307, -8.9100, -7.6047, -5.3543
--- Difference for Path: 14 ---
-10.5907, -10.3320, -5.7520, -4.8067, -2.0463, -12.1467, -12.0377, -6.2513, -4.8127, -2.8067, -15.9620, -14.1937, -7.4550, -5.5997, -2.6787, -9.3230, -8.6237, -4.2857, -3.4083, -1.2523, -13.3290, -13.7617, -8.0440, -7.0227, -4.1070
--- Difference for Path: 15 ---
-4.9720, -4.9990, -1.0647, -0.2380, 1.5387, -5.7230, -5.8073, -1.3727, -0.5713, 0.4937, -10.4297, -9.1987, -2.8133, -1.7190, 0.4430, -11.9227, -10.4673, -3.5327, -1.9937, 0.2047, -19.8530, -18.0417, -8.7053, -6.5737, -3.5490
--- Difference for Path: 16 ---
-2.5850, -4.3173, -2.4590, -1.6707, -0.1137, -3.7253, -5.8010, -3.5233, -2.4980, -1.1897, -6.9763, -10.6460, -6.8867, -4.4697, -1.7933, -8.4557, -12.5733, -8.2940, -5.3653, -2.4550, -11.3607, -16.2163, -11.3797, -8.5257, -5.2753
--- Difference for Path: 17 ---
0.7727, -1.7543, -1.3350, -0.8483, 1.2020, 0.4500, -3.0130, -2.8277, -2.3030, -0.4600, -2.0910, -6.2520, -7.5697, -6.2087, -2.4247, -2.9170, -7.8043, -10.0847, -7.7787, -3.5657, -3.9550, -8.9163, -10.5540, -8.9587, -4.9317
--- Difference for Path: 18 ---
1.0677, 0.1990, -1.2917, -2.1113, -0.6137, 0.1670, -1.5917, -2.1927, -3.7567, -2.7967, -1.1460, -4.0273, -6.7533, -9.5620, -6.6137, -1.1873, -4.7090, -7.7767, -11.8327, -8.3400, -2.3163, -5.7550, -8.0007, -11.2613, -8.0270
--- Difference for Path: 19 ---
0.3613, -0.3100, -1.0723, -2.7017, -2.6850, -0.0593, -1.2230, -1.9437, -3.6710, -5.3670, -1.7800, -3.3360, -4.4450, -8.7153, -11.1007, -1.5447, -3.5260, -4.9977, -10.4460, -14.5710, -1.8337, -3.9257, -4.8457, -9.1630, -11.8453
--- Difference for Path: 20 ---
1.8713, 1.4513, 0.4293, -0.4227, -0.4870, 0.8430, 0.7570, 0.2260, -0.3990, -2.2083, 0.2947, -0.8987, -1.0660, -3.2917, -5.0250, 0.0963, -1.6330, -2.6787, -7.4173, -10.5863, -1.8290, -4.0493, -5.8667, -12.8113, -17.2857
--- Difference for Path: 21 ---
2.4757, 1.3513, 0.7250, 0.2907, 1.1233, 1.5270, 0.4090, 0.4350, -0.8880, -0.3350, 0.4460, -1.4137, -1.8667, -3.7030, -2.6003, -0.2607, -2.9830, -4.8267, -8.7563, -5.6947, -3.1420, -7.1560, -10.9400, -16.6280, -11.4320
--- Difference for Path: 22 ---
1.3480, -0.8080, 0.3057, 0.4520, 2.0030, 1.5987, -0.7817, -0.0373, 0.0693, 0.9253, -0.0470, -2.3963, -2.5020, -2.0537, 0.1100, -2.3010, -6.0820, -6.9620, -5.7113, -2.1530, -6.5127, -13.2237, -16.1397, -12.5683, -6.9927
--- Difference for Path: 23 ---
1.4440, 0.4007, 1.6880, 1.8877, 3.9427, 0.3557, -1.1727, 1.1137, 1.6127, 2.7060, -1.5150, -4.2883, -0.5313, 0.3390, 2.6343, -4.3817, -8.4853, -3.7340, -1.6837, 0.9573, -13.6403, -21.0813, -12.4943, -8.0470, -3.4263
--- Difference for Path: 24 ---
-1.7853, -1.0393, 1.5030, 1.6427, 3.4527, -1.9740, -1.9037, 1.4253, 1.5380, 2.6827, -4.4950, -3.4180, 0.6617, 1.4943, 2.9903, -8.7847, -7.0220, -0.4733, -0.1520, 1.9663, -26.8820, -21.9583, -9.5083, -7.2477, -3.1527
