Reference Data
9439.2247, 9030.6763, 9219.8273, 9406.0513, 9733.9077, 8841.0883, 8275.2530, 8462.3553, 8301.1590, 8379.0697, 8452.2190, 8236.8453, 8451.3107, 8271.8327, 8429.5813, 8216.0887, 8284.3227, 8395.5683, 8274.2580, 8504.0483, 8876.4693, 8691.3620, 8640.8537, 8713.7453, 9025.2870
Path: 0
9436.1400, 9025.2473, 9212.0980, 9390.1570, 9711.5410, 8839.4107, 8271.7933, 8457.0123, 8290.8600, 8363.9667, 8450.9367, 8235.0890, 8448.3547, 8266.0233, 8421.6273, 8215.0667, 8283.2767, 8393.6877, 8270.7687, 8499.6880, 8876.1133, 8690.7857, 8639.0263, 8710.9353, 9021.0507
Path: 1
9433.9780, 9021.7857, 9204.9480, 9382.1893, 9714.3227, 8836.6473, 8268.2480, 8451.8913, 8285.4387, 8365.4207, 8448.9210, 8231.6317, 8444.5787, 8262.6307, 8421.6507, 8214.1823, 8280.4093, 8391.2430, 8268.7203, 8498.8757, 8873.6733, 8686.7507, 8636.5027, 8708.2443, 9019.6970
Path: 2
9430.7987, 9014.7247, 9197.5690, 9382.0993, 9718.6907, 8834.5403, 8263.3080, 8447.3477, 8285.6953, 8368.2690, 8447.5517, 8228.7677, 8442.5540, 8262.2777, 8422.9453, 8213.1963, 8278.9733, 8389.7893, 8268.0523, 8499.1980, 8872.5533, 8684.3430, 8634.3567, 8706.7707, 9019.5460
Path: 3
9425.8263, 9006.8350, 9199.1793, 9386.8250, 9723.0273, 8831.9843, 8259.4740, 8448.2737, 8288.6820, 8371.2413, 8446.5720, 8227.3010, 8443.2913, 8263.9677, 8424.8020, 8212.8840, 8278.5133, 8390.6247, 8269.0223, 8500.4573, 8871.7560, 8683.0083, 8634.3337, 8707.0393, 9020.0750
Path: 4
9415.7657, 9001.8887, 9200.7397, 9388.1767, 9724.0563, 8826.0597, 8256.7040, 8449.6060, 8289.3233, 8371.8040, 8442.9307, 8225.5557, 8442.9333, 8263.8573, 8424.7377, 8210.4967, 8277.0923, 8389.7280, 8268.1470, 8500.0027, 8868.7737, 8680.7257, 8632.8360, 8705.1697, 9019.1163
Path: 5
9419.9447, 9010.8600, 9206.4843, 9393.8603, 9726.0283, 8822.1843, 8255.8730, 8450.0183, 8290.2887, 8371.7557, 8437.6920, 8222.2980, 8441.8197, 8263.1680, 8423.9513, 8208.2837, 8275.6807, 8389.2517, 8268.1640, 8499.8890, 8865.6923, 8678.2843, 8631.8087, 8704.6020, 9018.2283
Path: 6
9425.6890, 9011.6487, 9203.9873, 9391.9973, 9724.8310, 8827.3153, 8255.0317, 8445.6197, 8287.2877, 8369.6270, 8441.0990, 8221.5450, 8438.2163, 8260.6317, 8422.5353, 8208.5683, 8274.7727, 8386.8597, 8266.3553, 8498.5623, 8868.2703, 8679.6150, 8631.2613, 8704.0160, 9017.4960
Path: 7
9431.5383, 9018.3803, 9204.3543, 9391.1320, 9723.3567, 8832.9943, 8261.6443, 8444.7147, 8284.9683, 8367.9370, 8445.2273, 8225.6103, 8437.5447, 8258.9123, 8420.6687, 8211.2823, 8277.4503, 8387.2747, 8265.8913, 8498.0197, 8871.7117, 8683.1727, 8632.6230, 8705.1623, 9017.6710
Path: 8
9435.8107, 9024.7613, 9209.7070, 9391.7537, 9722.2503, 8836.6903, 8267.9383, 8450.2647, 8284.3883, 8365.0850, 8448.3047, 8230.6317, 8442.0130, 8258.6980, 8419.0423, 8213.7210, 8280.5683, 8389.5480, 8267.0650, 8498.2040, 8874.4733, 8687.1083, 8635.5153, 8707.1763, 9018.4950
Path: 9
9437.1053, 9026.9807, 9213.8880, 9395.4460, 9719.8737, 8838.7393, 8270.7687, 8455.3323, 8288.3393, 8361.2627, 8450.0037, 8233.3643, 8445.9323, 8261.9090, 8416.5883, 8215.1607, 8281.6780, 8392.0157, 8268.5463, 8497.3557, 8875.9133, 8689.0803, 8638.2130, 8708.7977, 9019.0327
Path: 10
9439.0633, 9029.8750, 9217.2880, 9401.2383, 9727.8730, 8839.7907, 8272.2063, 8457.8427, 8293.2527, 8368.0307, 8449.9523, 8232.7127, 8445.2860, 8260.3100, 8413.8020, 8214.9787, 8281.3270, 8391.1493, 8266.4187, 8493.7290, 8875.9090, 8688.5493, 8637.4997, 8708.1847, 9017.6847
Path: 11
9434.4340, 9024.5947, 9211.6877, 9395.7530, 9725.2333, 8835.0943, 8267.4777, 8451.5910, 8287.7963, 8367.3173, 8445.4427, 8227.4343, 8437.8493, 8254.1010, 8415.2117, 8210.8710, 8276.5110, 8385.4707, 8261.1433, 8492.9367, 8871.3583, 8683.8883, 8631.8730, 8703.0523, 9014.7027
Path: 12
9434.0590, 9022.9457, 9211.1830, 9397.9783, 9727.9683, 8834.7683, 8264.9683, 8450.5317, 8290.6847, 8371.6187, 8444.7923, 8223.7720, 8435.7467, 8257.9877, 8420.7393, 8210.6813, 8274.8220, 8384.3870, 8264.1253, 8497.2730, 8870.3957, 8681.6907, 8630.8577, 8704.3293, 9017.9137
Path: 13
9429.9567, 9018.9113, 9209.3397, 9397.0290, 9727.1280, 8830.1667, 8260.0873, 8449.8963, 8291.4337, 8371.9593, 8438.8873, 8218.0207, 8436.4630, 8260.0117, 8421.6383, 8206.5863, 8270.5893, 8384.1947, 8265.2037, 8497.2867, 8865.6237, 8676.2253, 8628.3540, 8703.0807, 9016.6297
Path: 14
9425.6960, 9018.4390, 9210.8147, 9398.5863, 9728.5190, 8826.2697, 8260.9693, 8452.6823, 8293.1237, 8373.5903, 8433.5587, 8219.9080, 8440.6497, 8263.2540, 8423.5607, 8204.3943, 8272.7227, 8387.4507, 8267.7200, 8499.1057, 8860.6480, 8674.4270, 8629.5553, 8703.7127, 9017.7073
Path: 15
9426.9000, 9018.8180, 9211.1407, 9398.7630, 9727.8030, 8828.9810, 8263.3450, 8453.4570, 8293.7620, 8373.0643, 8434.8287, 8221.8410, 8441.0580, 8263.4923, 8422.8993, 8197.3083, 8267.7140, 8384.3800, 8265.1373, 8496.6760, 8850.7270, 8667.4590, 8624.7063, 8700.5917, 9014.3780
Path: 16
9430.2550, 9020.0800, 9210.3883, 9397.8493, 9727.3333, 8831.0123, 8263.0323, 8452.1297, 8292.5997, 8372.2133, 8438.9673, 8220.2980, 8437.7947, 8261.0960, 8421.9640, 8202.3403, 8264.9207, 8379.9413, 8262.4530, 8495.3600, 8858.9367, 8668.4660, 8623.1473, 8699.0410, 9013.7897
Path: 17
9432.8367, 9023.5967, 9211.7833, 9398.5230, 9727.1670, 8834.2197, 8266.4363, 8452.5063, 8292.2707, 8371.6107, 8443.0520, 8224.2120, 8436.6647, 8259.3223, 8419.8807, 8206.9597, 8269.6440, 8378.7397, 8259.8037, 8493.4343, 8865.9650, 8675.1587, 8623.5917, 8698.1420, 9012.8317
Path: 18
9434.8157, 9025.5430, 9213.5930, 9399.4190, 9727.3593, 8836.4467, 8268.9700, 8454.6007, 8292.6107, 8371.0750, 8446.2527, 8228.6547, 8439.9397, 8257.9083, 8417.4137, 8209.1643, 8274.6787, 8382.1177, 8257.3040, 8489.7970, 8869.4927, 8681.1980, 8627.8740, 8698.2480, 9011.0963
Path: 19
9435.6393, 9026.4157, 9214.6690, 9399.7663, 9726.1077, 8837.0263, 8270.4107, 8456.2380, 8293.5643, 8369.7060, 8446.8450, 8230.6240, 8443.4477, 8259.8697, 8414.1447, 8210.8213, 8276.8740, 8385.9207, 8259.5177, 8484.8387, 8871.0650, 8684.1070, 8631.8253, 8700.7413, 9008.3457
Path: 20
9436.8873, 9027.8687, 9216.8450, 9402.5840, 9729.8757, 8839.1903, 8272.3967, 8458.6083, 8297.2210, 8373.2403, 8449.3357, 8233.7153, 8446.8810, 8265.1223, 8421.2340, 8212.0810, 8279.1863, 8388.5890, 8262.9417, 8489.6760, 8872.2667, 8685.2117, 8631.1040, 8698.0160, 9003.9937
Path: 21
9435.9027, 9026.9860, 9215.6323, 9401.7110, 9729.3933, 8838.1520, 8271.0410, 8457.4940, 8296.1793, 8373.7347, 8448.1903, 8231.7387, 8444.8140, 8263.9850, 8422.2407, 8210.6720, 8276.5930, 8384.6213, 8260.7403, 8492.5893, 8869.1647, 8680.1387, 8624.8177, 8693.0923, 9007.7870
Path: 22
9435.7447, 9025.9800, 9215.0837, 9402.3047, 9730.1410, 8837.0750, 8269.9767, 8456.9833, 8296.4713, 8374.3283, 8447.0143, 8229.6620, 8443.4417, 8265.3533, 8423.8643, 8209.1980, 8273.0930, 8382.8910, 8263.8610, 8495.9630, 8865.2033, 8672.9297, 8620.0157, 8696.5730, 9012.2240
Path: 23
9434.5890, 9025.0457, 9215.2657, 9402.8700, 9730.1390, 8835.7583, 8268.7580, 8457.2473, 8297.2733, 8374.9023, 8445.3243, 8227.8720, 8444.7927, 8266.8253, 8425.3783, 8205.8937, 8270.2383, 8385.1243, 8266.9243, 8497.8667, 8857.4007, 8665.0767, 8622.3307, 8700.2287, 9013.9373
Path: 24
9432.5147, 9024.1517, 9216.1940, 9403.0547, 9731.2450, 8835.1833, 8269.1863, 8458.3063, 8297.9237, 8375.9800, 8443.6813, 8230.0130, 8447.4280, 8268.7770, 8426.7127, 8202.4273, 8273.0190, 8389.0083, 8269.0410, 8499.8510, 8845.7400, 8665.7453, 8626.7517, 8702.4967, 9016.2490
