--- Difference for Path: 0 ---
-3.0847, -5.4290, -7.7293, -15.8943, -22.3667, -1.6777, -3.4597, -5.3430, -10.2990, -15.1030, -1.2823, -1.7563, -2.9560, -5.8093, -7.9540, -1.0220, -1.0460, -1.8807, -3.4893, -4.3603, -0.3560, -0.5763, -1.8273, -2.8100, -4.2363
--- Difference for Path: 1 ---
-5.2467, -8.8907, -14.8793, -23.8620, -19.5850, -4.4410, -7.0050, -10.4640, -15.7203, -13.6490, -3.2980, -5.2137, -6.7320, -9.2020, -7.9307, -1.9063, -3.9133, -4.3253, -5.5377, -5.1727, -2.7960, -4.6113, -4.3510, -5.5010, -5.5900
--- Difference for Path: 2 ---
-8.4260, -15.9517, -22.2583, -23.9520, -15.2170, -6.5480, -11.9450, -15.0077, -15.4637, -10.8007, -4.6673, -8.0777, -8.7567, -9.5550, -6.6360, -2.8923, -5.3493, -5.7790, -6.2057, -4.8503, -3.9160, -7.0190, -6.4970, -6.9747, -5.7410
--- Difference for Path: 3 ---
-13.3983, -23.8413, -20.6480, -19.2263, -10.8803, -9.1040, -15.7790, -14.0817, -12.4770, -7.8283, -5.6470, -9.5443, -8.0193, -7.8650, -4.7793, -3.2047, -5.8093, -4.9437, -5.2357, -3.5910, -4.7133, -8.3537, -6.5200, -6.7060, -5.2120
--- Difference for Path: 4 ---
-23.4590, -28.7877, -19.0877, -17.8747, -9.8513, -15.0287, -18.5490, -12.7493, -11.8357, -7.2657, -9.2883, -11.2897, -8.3773, -7.9753, -4.8437, -5.5920, -7.2303, -5.8403, -6.1110, -4.0457, -7.6957, -10.6363, -8.0177, -8.5757, -6.1707
--- Difference for Path: 5 ---
-19.2800, -19.8163, -13.3430, -12.1910, -7.8793, -18.9040, -19.3800, -12.3370, -10.8703, -7.3140, -14.5270, -14.5473, -9.4910, -8.6647, -5.6300, -7.8050, -8.6420, -6.3167, -6.0940, -4.1593, -10.7770, -13.0777, -9.0450, -9.1433, -7.0587
--- Difference for Path: 6 ---
-13.5357, -19.0277, -15.8400, -14.0540, -9.0767, -13.7730, -20.2213, -16.7357, -13.8713, -9.4427, -11.1200, -15.3003, -13.0943, -11.2010, -7.0460, -7.5203, -9.5500, -8.7087, -7.9027, -5.4860, -8.1990, -11.7470, -9.5923, -9.7293, -7.7910
--- Difference for Path: 7 ---
-7.6863, -12.2960, -15.4730, -14.9193, -10.5510, -8.0940, -13.6087, -17.6407, -16.1907, -11.1327, -6.9917, -11.2350, -13.7660, -12.9203, -8.9127, -4.8063, -6.8723, -8.2937, -8.3667, -6.0287, -4.7577, -8.1893, -8.2307, -8.5830, -7.6160
--- Difference for Path: 8 ---
-3.4140, -5.9150, -10.1203, -14.2977, -11.6573, -4.3980, -7.3147, -12.0907, -16.7707, -13.9847, -3.9143, -6.2137, -9.2977, -13.1347, -10.5390, -2.3677, -3.7543, -6.0203, -7.1930, -5.8443, -1.9960, -4.2537, -5.3383, -6.5690, -6.7920
--- Difference for Path: 9 ---
-2.1193, -3.6957, -5.9393, -10.6053, -14.0340, -2.3490, -4.4843, -7.0230, -12.8197, -17.8070, -2.2153, -3.4810, -5.3783, -9.9237, -12.9930, -0.9280, -2.6447, -3.5527, -5.7117, -6.6927, -0.5560, -2.2817, -2.6407, -4.9477, -6.2543
--- Difference for Path: 10 ---
-0.1613, -0.8013, -2.5393, -4.8130, -6.0347, -1.2977, -3.0467, -4.5127, -7.9063, -11.0390, -2.2667, -4.1327, -6.0247, -11.5227, -15.7793, -1.1100, -2.9957, -4.4190, -7.8393, -10.3193, -0.5603, -2.8127, -3.3540, -5.5607, -7.6023
--- Difference for Path: 11 ---
-4.7907, -6.0817, -8.1397, -10.2983, -8.6743, -5.9940, -7.7753, -10.7643, -13.3627, -11.7523, -6.7763, -9.4110, -13.4613, -17.7317, -14.3697, -5.2177, -7.8117, -10.0977, -13.1147, -11.1117, -5.1110, -7.4737, -8.9807, -10.6930, -10.5843
--- Difference for Path: 12 ---
-5.1657, -7.7307, -8.6443, -8.0730, -5.9393, -6.3200, -10.2847, -11.8237, -10.4743, -7.4510, -7.4267, -13.0733, -15.5640, -13.8450, -8.8420, -5.4073, -9.5007, -11.1813, -10.1327, -6.7753, -6.0737, -9.6713, -9.9960, -9.4160, -7.3733
--- Difference for Path: 13 ---
-9.2680, -11.7650, -10.4877, -9.0223, -6.7797, -10.9217, -15.1657, -12.4590, -9.7253, -7.1103, -13.3317, -18.8247, -14.8477, -11.8210, -7.9430, -9.5023, -13.7333, -11.3737, -9.0543, -6.7617, -10.8457, -15.1367, -12.4997, -10.6647, -8.6573
--- Difference for Path: 14 ---
-13.5287, -12.2373, -9.0127, -7.4650, -5.3887, -14.8187, -14.2837, -9.6730, -8.0353, -5.4793, -18.6603, -16.9373, -10.6610, -8.5787, -6.0207, -11.6943, -11.6000, -8.1177, -6.5380, -4.9427, -15.8213, -16.9350, -11.2983, -10.0327, -7.5797
--- Difference for Path: 15 ---
-12.3247, -11.8583, -8.6867, -7.2883, -6.1047, -12.1073, -11.9080, -8.8983, -7.3970, -6.0053, -17.3903, -15.0043, -10.2527, -8.3403, -6.6820, -18.7803, -16.6087, -11.1883, -9.1207, -7.3723, -25.7423, -23.9030, -16.1473, -13.1537, -10.9090
--- Difference for Path: 16 ---
-8.9697, -10.5963, -9.4390, -8.2020, -6.5743, -10.0760, -12.2207, -10.2257, -8.5593, -6.8563, -13.2517, -16.5473, -13.5160, -10.7367, -7.6173, -13.7483, -19.4020, -15.6270, -11.8050, -8.6883, -17.5327, -22.8960, -17.7063, -14.7043, -11.4973
--- Difference for Path: 17 ---
-6.3880, -7.0797, -8.0440, -7.5283, -6.7407, -6.8687, -8.8167, -9.8490, -8.8883, -7.4590, -9.1670, -12.6333, -14.6460, -12.5103, -9.7007, -9.1290, -14.6787, -16.8287, -14.4543, -10.6140, -10.5043, -16.2033, -17.2620, -15.6033, -12.4553
--- Difference for Path: 18 ---
-4.4090, -5.1333, -6.2343, -6.6323, -6.5483, -4.6417, -6.2830, -7.7547, -8.5483, -7.9947, -5.9663, -8.1907, -11.3710, -13.9243, -12.1677, -6.9243, -9.6440, -13.4507, -16.9540, -14.2513, -6.9767, -10.1640, -12.9797, -15.4973, -14.1907
--- Difference for Path: 19 ---
-3.5853, -4.2607, -5.1583, -6.2850, -7.8000, -4.0620, -4.8423, -6.1173, -7.5947, -9.3637, -5.3740, -6.2213, -7.8630, -11.9630, -15.4367, -5.2673, -7.4487, -9.6477, -14.7403, -19.2097, -5.4043, -7.2550, -9.0283, -13.0040, -16.9413
--- Difference for Path: 20 ---
-2.3373, -2.8077, -2.9823, -3.4673, -4.0320, -1.8980, -2.8563, -3.7470, -3.9380, -5.8293, -2.8833, -3.1300, -4.4297, -6.7103, -8.3473, -4.0077, -5.1363, -6.9793, -11.3163, -14.3723, -4.2027, -6.1503, -9.7497, -15.7293, -21.2933
--- Difference for Path: 21 ---
-3.3220, -3.6903, -4.1950, -4.3403, -4.5143, -2.9363, -4.2120, -4.8613, -4.9797, -5.3350, -4.0287, -5.1067, -6.4967, -7.8477, -7.3407, -5.4167, -7.7297, -10.9470, -13.5177, -11.4590, -7.3047, -11.2233, -16.0360, -20.6530, -17.5000
--- Difference for Path: 22 ---
-3.4800, -4.6963, -4.7437, -3.7467, -3.7667, -4.0133, -5.2763, -5.3720, -4.6877, -4.7413, -5.2047, -7.1833, -7.8690, -6.4793, -5.7170, -6.8907, -11.2297, -12.6773, -10.3970, -8.0853, -11.2660, -18.4323, -20.8380, -17.1723, -13.0630
--- Difference for Path: 23 ---
-4.6357, -5.6307, -4.5617, -3.1813, -3.7687, -5.3300, -6.4950, -5.1080, -3.8857, -4.1673, -6.8947, -8.9733, -6.5180, -5.0073, -4.2030, -10.1950, -14.0843, -10.4440, -7.3337, -6.1817, -19.0687, -26.2853, -18.5230, -13.5167, -11.3497
--- Difference for Path: 24 ---
-6.7100, -6.5247, -3.6333, -2.9967, -2.6627, -5.9050, -6.0667, -4.0490, -3.2353, -3.0897, -8.5377, -6.8323, -3.8827, -3.0557, -2.8687, -13.6613, -11.3037, -6.5600, -5.2170, -4.1973, -30.7293, -25.6167, -14.1020, -11.2487, -9.0380
