Reference Data
9435.6287, 9027.1667, 9215.8017, 9402.0210, 9729.4967, 8838.4160, 8272.0223, 8458.3673, 8297.9013, 8375.0630, 8449.0440, 8233.9863, 8447.7453, 8268.4803, 8425.8690, 8212.9853, 8281.0180, 8391.8733, 8270.5560, 8500.1163, 8874.2187, 8688.1637, 8637.5120, 8710.1977, 9020.7103
Path: 0
9435.2770, 9025.1363, 9210.6690, 9389.2243, 9710.2093, 8838.2803, 8270.9490, 8455.3450, 8289.7897, 8362.8893, 8450.3007, 8233.8207, 8447.3507, 8264.8880, 8420.9833, 8214.0657, 8281.8490, 8392.5167, 8269.3720, 8498.8163, 8875.8980, 8689.3493, 8638.1830, 8709.6660, 9019.3470
Path: 1
9433.3570, 9021.7523, 9204.4230, 9381.5593, 9713.8010, 8836.1570, 8268.0323, 8451.1910, 8284.9400, 8365.4047, 8448.3267, 8231.3557, 8444.5453, 8261.9110, 8421.6537, 8213.6117, 8280.5247, 8390.7893, 8268.2677, 8499.0127, 8874.0350, 8686.3723, 8636.0327, 8707.3723, 9018.7067
Path: 2
9429.9203, 9014.5770, 9196.8760, 9381.4167, 9718.6660, 8834.1613, 8263.5617, 8446.8510, 8284.8873, 8368.2963, 8446.7470, 8229.1950, 8441.8810, 8261.5723, 8422.6160, 8212.0283, 8279.1033, 8389.4210, 8267.7443, 8498.8590, 8872.7317, 8684.8103, 8634.2157, 8705.8617, 9018.2820
Path: 3
9424.4990, 9005.3197, 9197.3767, 9384.6813, 9722.0910, 8830.7577, 8258.3680, 8447.1287, 8286.8093, 8370.2357, 8444.9417, 8226.6833, 8441.7897, 8262.0763, 8423.7340, 8211.1253, 8277.6767, 8389.1893, 8267.4393, 8499.6517, 8871.1073, 8682.6057, 8632.9543, 8704.7197, 9018.5527
Path: 4
9415.7157, 9001.3310, 9200.2083, 9388.1940, 9723.9863, 8825.8340, 8256.5090, 8449.1023, 8288.8120, 8371.7050, 8442.5863, 8225.5353, 8442.7843, 8263.8740, 8424.4553, 8210.1790, 8277.1443, 8389.6920, 8268.2933, 8500.0983, 8869.0603, 8680.4503, 8632.5237, 8705.4037, 9018.1270
Path: 5
9420.2393, 9010.5493, 9206.3410, 9394.0103, 9726.6710, 8822.6133, 8256.1863, 8449.7050, 8290.5113, 8371.9290, 8438.1827, 8222.9050, 8441.6387, 8263.5387, 8424.2753, 8208.2620, 8275.9983, 8389.2740, 8268.5607, 8499.8967, 8866.5130, 8679.4203, 8631.6400, 8705.3290, 9018.3417
Path: 6
9427.4197, 9013.1880, 9205.3953, 9393.6767, 9726.2030, 8829.5090, 8257.1367, 8447.0343, 8288.9757, 8371.0690, 8442.6127, 8223.7043, 8439.9757, 8262.4773, 8423.7647, 8209.9353, 8276.6040, 8388.8347, 8268.3197, 8499.9670, 8870.5587, 8682.3717, 8632.6530, 8706.1917, 9019.0403
Path: 7
9431.5113, 9017.2360, 9204.3907, 9390.2050, 9723.6260, 8833.3080, 8261.9667, 8444.4903, 8285.0023, 8367.6467, 8445.4523, 8226.5873, 8437.6000, 8258.7233, 8420.6570, 8211.0200, 8277.5840, 8387.4513, 8266.2440, 8498.0290, 8872.2373, 8684.6157, 8632.4750, 8705.2397, 9017.2597
Path: 8
9434.9267, 9023.1130, 9209.5920, 9392.2390, 9721.3980, 8836.9160, 8267.8303, 8450.4403, 8284.3163, 8364.7083, 8448.7180, 8231.3330, 8442.0660, 8258.7720, 8418.8813, 8213.2527, 8280.6787, 8390.1377, 8267.3160, 8497.6847, 8874.9160, 8688.2420, 8635.9010, 8707.4863, 9018.0347
Path: 9
9436.1883, 9025.7967, 9213.4750, 9394.6863, 9719.2513, 8838.0560, 8270.2053, 8454.8560, 8288.2763, 8361.0990, 8449.2283, 8233.1550, 8445.8373, 8261.5897, 8415.8940, 8213.4767, 8281.4737, 8391.9423, 8268.0423, 8496.7963, 8875.4233, 8689.2600, 8637.7413, 8709.0697, 9018.3447
Path: 10
9436.1737, 9026.4750, 9215.1490, 9398.6203, 9725.5057, 8838.0963, 8270.8283, 8455.9167, 8291.2993, 8366.6290, 8448.3517, 8231.5217, 8443.3317, 8258.3780, 8412.1107, 8212.2707, 8279.8487, 8389.3987, 8264.3827, 8491.9577, 8874.4090, 8687.7663, 8635.7173, 8706.0893, 9015.6397
Path: 11
9434.9413, 9025.1003, 9212.2003, 9396.8680, 9725.6407, 8836.0463, 8268.2097, 8452.0473, 8288.0923, 8368.0863, 8446.0863, 8228.2930, 8438.1640, 8254.4893, 8416.0147, 8211.0603, 8277.7157, 8385.9500, 8261.7977, 8493.7833, 8872.3627, 8685.0670, 8632.6567, 8703.4013, 9015.2720
Path: 12
9432.6590, 9020.6377, 9209.3720, 9396.1140, 9726.6290, 8834.1350, 8263.9857, 8448.9247, 8289.4680, 8370.2353, 8443.4037, 8223.6190, 8434.3927, 8256.8593, 8419.6307, 8208.6193, 8274.0827, 8383.1893, 8263.1967, 8496.3250, 8869.7633, 8681.7090, 8629.4207, 8702.9527, 9015.6060
Path: 13
9429.8617, 9018.7860, 9209.3403, 9397.3760, 9727.4147, 8830.1887, 8260.8247, 8449.9707, 8291.5530, 8371.8600, 8439.1343, 8219.3517, 8436.8483, 8260.9683, 8421.6667, 8206.1740, 8271.6947, 8384.3847, 8265.5280, 8497.6027, 8865.8320, 8677.1793, 8628.9120, 8703.3783, 9016.3357
Path: 14
9425.4480, 9016.8540, 9211.1653, 9398.3833, 9729.1123, 8827.0580, 8261.0243, 8453.1023, 8293.1323, 8373.5713, 8434.0687, 8220.9873, 8441.6523, 8263.6100, 8424.0650, 8203.9560, 8273.0237, 8388.2117, 8267.8863, 8500.1350, 8861.4123, 8675.7957, 8630.4073, 8703.7860, 9017.7120
Path: 15
9428.9030, 9021.1757, 9213.1380, 9400.8317, 9729.9317, 8831.0317, 8265.7263, 8455.5647, 8295.8827, 8375.0137, 8437.5303, 8224.2437, 8443.5347, 8265.4260, 8425.1053, 8199.1803, 8270.0960, 8386.8370, 8267.0837, 8498.9403, 8853.3750, 8670.2737, 8627.3463, 8702.8013, 9016.2353
Path: 16
9430.5060, 9020.0243, 9210.8623, 9397.8913, 9727.6163, 8831.6987, 8263.8507, 8452.7533, 8292.8267, 8371.9383, 8439.5580, 8221.2727, 8438.4270, 8261.4247, 8421.6650, 8201.9900, 8266.1540, 8380.9970, 8263.2050, 8495.4633, 8860.4873, 8669.8263, 8623.6693, 8699.5370, 9013.3947
Path: 17
9432.5717, 9022.3930, 9211.2747, 9398.3077, 9726.9943, 8834.0380, 8265.9480, 8452.3237, 8292.3083, 8371.5887, 8443.1630, 8224.1697, 8436.6087, 8259.3240, 8420.0343, 8205.6513, 8269.8520, 8378.0250, 8259.4190, 8493.2360, 8865.8203, 8675.6400, 8623.3553, 8698.0723, 9012.4867
Path: 18
9434.0813, 9023.9183, 9212.3587, 9397.6567, 9726.6243, 8836.0543, 8268.1783, 8453.6793, 8291.3873, 8370.4943, 8445.5427, 8228.5197, 8439.1923, 8256.5857, 8416.9420, 8208.4673, 8274.1370, 8381.1983, 8255.9240, 8489.2030, 8869.5233, 8681.0113, 8627.1480, 8697.0163, 9010.1873
Path: 19
9435.8870, 9026.8343, 9215.1590, 9400.3933, 9726.8303, 8837.9280, 8271.4737, 8456.9293, 8294.0603, 8369.8487, 8447.6287, 8231.7637, 8443.8033, 8260.1353, 8414.4420, 8210.6557, 8278.0867, 8386.4430, 8260.0223, 8485.3433, 8872.3770, 8685.9617, 8632.6990, 8701.6943, 9008.4507
Path: 20
9437.6897, 9028.5170, 9217.7027, 9403.4640, 9730.6870, 8839.9447, 8273.4277, 8459.5890, 8297.4493, 8374.8773, 8449.7703, 8234.3697, 8447.4373, 8266.1037, 8421.9130, 8212.7060, 8279.8560, 8389.3163, 8263.6800, 8490.6750, 8873.1640, 8685.8613, 8632.2887, 8698.5587, 9004.8307
Path: 21
9436.1620, 9027.4463, 9215.8263, 9402.0403, 9729.5547, 8837.6447, 8271.3140, 8457.1413, 8295.6877, 8373.7810, 8448.2170, 8231.9450, 8444.4830, 8263.5200, 8422.7060, 8210.6040, 8276.8767, 8384.8280, 8260.8620, 8493.1037, 8869.1513, 8680.2377, 8624.8450, 8693.0687, 9007.7320
Path: 22
9436.1640, 9027.0123, 9215.1397, 9402.0520, 9730.5240, 8836.9437, 8270.0390, 8456.5233, 8295.8787, 8374.8993, 8447.0183, 8229.4003, 8443.2120, 8264.7583, 8424.6983, 8209.4693, 8273.2287, 8382.5967, 8263.6267, 8496.8357, 8865.2700, 8672.3043, 8619.6880, 8696.1503, 9012.7220
Path: 23
9432.0693, 9022.2817, 9212.7353, 9399.6843, 9728.4313, 8834.2643, 8266.9063, 8455.0327, 8295.0957, 8373.5543, 8443.2263, 8226.7973, 8443.0140, 8264.5770, 8423.7227, 8203.8147, 8268.5527, 8383.2630, 8264.5280, 8496.4613, 8856.0123, 8663.6683, 8620.3783, 8697.7343, 9012.5853
Path: 24
9428.8537, 9021.4297, 9213.0413, 9400.0003, 9728.8273, 8831.9270, 8266.2093, 8455.8917, 8295.3157, 8373.8827, 8440.5827, 8227.2500, 8444.4770, 8265.6540, 8424.5547, 8198.8613, 8270.2857, 8386.3427, 8266.4297, 8497.8590, 8843.2703, 8662.9190, 8623.9613, 8699.9017, 9013.1400
