--- Difference for Path: 0 ---
-0.3517, -2.0303, -5.1327, -12.7967, -19.2873, -0.1357, -1.0733, -3.0223, -8.1117, -12.1737, 1.2567, -0.1657, -0.3947, -3.5923, -4.8857, 1.0803, 0.8310, 0.6433, -1.1840, -1.3000, 1.6793, 1.1857, 0.6710, -0.5317, -1.3633
--- Difference for Path: 1 ---
-2.2717, -5.4143, -11.3787, -20.4617, -15.6957, -2.2590, -3.9900, -7.1763, -12.9613, -9.6583, -0.7173, -2.6307, -3.2000, -6.5693, -4.2153, 0.6263, -0.4933, -1.0840, -2.2883, -1.1037, -0.1837, -1.7913, -1.4793, -2.8253, -2.0037
--- Difference for Path: 2 ---
-5.7083, -12.5897, -18.9257, -20.6043, -10.8307, -4.2547, -8.4607, -11.5163, -13.0140, -6.7667, -2.2970, -4.7913, -5.8643, -6.9080, -3.2530, -0.9570, -1.9147, -2.4523, -2.8117, -1.2573, -1.4870, -3.3533, -3.2963, -4.3360, -2.4283
--- Difference for Path: 3 ---
-11.1297, -21.8470, -18.4250, -17.3397, -7.4057, -7.6583, -13.6543, -11.2387, -11.0920, -4.8273, -4.1023, -7.3030, -5.9557, -6.4040, -2.1350, -1.8600, -3.3413, -2.6840, -3.1167, -0.4647, -3.1113, -5.5580, -4.5577, -5.4780, -2.1577
--- Difference for Path: 4 ---
-19.9130, -25.8357, -15.5933, -13.8270, -5.5103, -12.5820, -15.5133, -9.2650, -9.0893, -3.3580, -6.4577, -8.4510, -4.9610, -4.6063, -1.4137, -2.8063, -3.8737, -2.1813, -2.2627, -0.0180, -5.1583, -7.7133, -4.9883, -4.7940, -2.5833
--- Difference for Path: 5 ---
-15.3893, -16.6173, -9.4607, -8.0107, -2.8257, -15.8027, -15.8360, -8.6623, -7.3900, -3.1340, -10.8613, -11.0813, -6.1067, -4.9417, -1.5937, -4.7233, -5.0197, -2.5993, -1.9953, -0.2197, -7.7057, -8.7433, -5.8720, -4.8687, -2.3687
--- Difference for Path: 6 ---
-8.2090, -13.9787, -10.4063, -8.3443, -3.2937, -8.9070, -14.8857, -11.3330, -8.9257, -3.9940, -6.4313, -10.2820, -7.7697, -6.0030, -2.1043, -3.0500, -4.4140, -3.0387, -2.2363, -0.1493, -3.6600, -5.7920, -4.8590, -4.0060, -1.6700
--- Difference for Path: 7 ---
-4.1173, -9.9307, -11.4110, -11.8160, -5.8707, -5.1080, -10.0557, -13.8770, -12.8990, -7.4163, -3.5917, -7.3990, -10.1453, -9.7570, -5.2120, -1.9653, -3.4340, -4.4220, -4.3120, -2.0873, -1.9813, -3.5480, -5.0370, -4.9580, -3.4507
--- Difference for Path: 8 ---
-0.7020, -4.0537, -6.2097, -9.7820, -8.0987, -1.5000, -4.1920, -7.9270, -13.5850, -10.3547, -0.3260, -2.6533, -5.6793, -9.7083, -6.9877, 0.2673, -0.3393, -1.7357, -3.2400, -2.4317, 0.6973, 0.0783, -1.6110, -2.7113, -2.6757
--- Difference for Path: 9 ---
0.5597, -1.3700, -2.3267, -7.3347, -10.2453, -0.3600, -1.8170, -3.5113, -9.6250, -13.9640, 0.1843, -0.8313, -1.9080, -6.8907, -9.9750, 0.4913, 0.4557, 0.0690, -2.5137, -3.3200, 1.2047, 1.0963, 0.2293, -1.1280, -2.3657
--- Difference for Path: 10 ---
0.5450, -0.6917, -0.6527, -3.4007, -3.9910, -0.3197, -1.1940, -2.4507, -6.6020, -8.4340, -0.6923, -2.4647, -4.4137, -10.1023, -13.7583, -0.7147, -1.1693, -2.4747, -6.1733, -8.1587, 0.1903, -0.3973, -1.7947, -4.1083, -5.0707
--- Difference for Path: 11 ---
-0.6873, -2.0663, -3.6013, -5.1530, -3.8560, -2.3697, -3.8127, -6.3200, -9.8090, -6.9767, -2.9577, -5.6933, -9.5813, -13.9910, -9.8543, -1.9250, -3.3023, -5.9233, -8.7583, -6.3330, -1.8560, -3.0967, -4.8553, -6.7963, -5.4383
--- Difference for Path: 12 ---
-2.9697, -6.5290, -6.4297, -5.9070, -2.8677, -4.2810, -8.0367, -9.4427, -8.4333, -4.8277, -5.6403, -10.3673, -13.3527, -11.6210, -6.2383, -4.3660, -6.9353, -8.6840, -7.3593, -3.7913, -4.4553, -6.4547, -8.0913, -7.2450, -5.1043
--- Difference for Path: 13 ---
-5.7670, -8.3807, -6.4613, -4.6450, -2.0820, -8.2273, -11.1977, -8.3967, -6.3483, -3.2030, -9.9097, -14.6347, -10.8970, -7.5120, -4.2023, -6.8113, -9.3233, -7.4887, -5.0280, -2.5137, -8.3867, -10.9843, -8.6000, -6.8193, -4.3747
--- Difference for Path: 14 ---
-10.1807, -10.3127, -4.6363, -3.6377, -0.3843, -11.3580, -10.9980, -5.2650, -4.7690, -1.4917, -14.9753, -12.9990, -6.0930, -4.8703, -1.8040, -9.0293, -7.9943, -3.6617, -2.6697, 0.0187, -12.8063, -12.3680, -7.1047, -6.4117, -2.9983
--- Difference for Path: 15 ---
-6.7257, -5.9910, -2.6637, -1.1893, 0.4350, -7.3843, -6.2960, -2.8027, -2.0187, -0.0493, -11.5137, -9.7427, -4.2107, -3.0543, -0.7637, -13.8050, -10.9220, -5.0363, -3.4723, -1.1760, -20.8437, -17.8900, -10.1657, -7.3963, -4.4750
--- Difference for Path: 16 ---
-5.1227, -7.1423, -4.9393, -4.1297, -1.8803, -6.7173, -8.1717, -5.6140, -5.0747, -3.1247, -9.4860, -12.7137, -9.3183, -7.0557, -4.2040, -10.9953, -14.8640, -10.8763, -7.3510, -4.6530, -13.7313, -18.3373, -13.8427, -10.6607, -7.3157
--- Difference for Path: 17 ---
-3.0570, -4.7737, -4.5270, -3.7133, -2.5023, -4.3780, -6.0743, -6.0437, -5.5930, -3.4743, -5.8810, -9.8167, -11.1367, -9.1563, -5.8347, -7.3340, -11.1660, -13.8483, -11.1370, -6.8803, -8.3983, -12.5237, -14.1567, -12.1253, -8.2237
--- Difference for Path: 18 ---
-1.5473, -3.2483, -3.4430, -4.3643, -2.8723, -2.3617, -3.8440, -4.6880, -6.5140, -4.5687, -3.5013, -5.4667, -8.5530, -11.8947, -8.9270, -4.5180, -6.8810, -10.6750, -14.6320, -10.9133, -4.6953, -7.1523, -10.3640, -13.1813, -10.5230
--- Difference for Path: 19 ---
0.2583, -0.3323, -0.6427, -1.6277, -2.6663, -0.4880, -0.5487, -1.4380, -3.8410, -5.2143, -1.4153, -2.2227, -3.9420, -8.3450, -11.4270, -2.3297, -2.9313, -5.4303, -10.5337, -14.7730, -1.8417, -2.2020, -4.8130, -8.5033, -12.2597
--- Difference for Path: 20 ---
2.0610, 1.3503, 1.9010, 1.4430, 1.1903, 1.5287, 1.4053, 1.2217, -0.4520, -0.1857, 0.7263, 0.3833, -0.3080, -2.3767, -3.9560, -0.2793, -1.1620, -2.5570, -6.8760, -9.4413, -1.0547, -2.3023, -5.2233, -11.6390, -15.8797
--- Difference for Path: 21 ---
0.5333, 0.2797, 0.0247, 0.0193, 0.0580, -0.7713, -0.7083, -1.2260, -2.2137, -1.2820, -0.8270, -2.0413, -3.2623, -4.9603, -3.1630, -2.3813, -4.1413, -7.0453, -9.6940, -7.0127, -5.0673, -7.9260, -12.6670, -17.1290, -12.9783
--- Difference for Path: 22 ---
0.5353, -0.1543, -0.6620, 0.0310, 1.0273, -1.4723, -1.9833, -1.8440, -2.0227, -0.1637, -2.0257, -4.5860, -4.5333, -3.7220, -1.1707, -3.5160, -7.7893, -9.2767, -6.9293, -3.2807, -8.9487, -15.8593, -17.8240, -14.0473, -7.9883
--- Difference for Path: 23 ---
-3.5593, -4.8850, -3.0663, -2.3367, -1.0653, -4.1517, -5.1160, -3.3347, -2.8057, -1.5087, -5.8177, -7.1890, -4.7313, -3.9033, -2.1463, -9.1707, -12.4653, -8.6103, -6.0280, -3.6550, -18.2063, -24.4953, -17.1337, -12.4633, -8.1250
--- Difference for Path: 24 ---
-6.7750, -5.7370, -2.7603, -2.0207, -0.6693, -6.4890, -5.8130, -2.4757, -2.5857, -1.1803, -8.4613, -6.7363, -3.2683, -2.8263, -1.3143, -14.1240, -10.7323, -5.5307, -4.1263, -2.2573, -30.9483, -25.2447, -13.5507, -10.2960, -7.5703
